 	     1.69 	      0.094 % 3  	  1.59E-6 5 
 	    13.336 	      0.632 % 25  	  8.4E-5 3 
 	    13.395 	      1.22 % 5  	  1.63E-4 7 
 	    14.952 	      0.089 % 3  	  1.33E-5 5 
 	    14.961 	      0.173 % 7  	  2.59E-5 10 
 	    15.185 	      0.0273 % 11  	  4.14E-6 16 
	   129.81 2  	      0.301 % 8  	  3.90E-4 10 
	   151.195 6  	     75.2 % 5  	  0.1137 8 
	   281.01 4  	      4E-4 % 4  	  1.1E-6 11 
	   451.0 1  	      0.011 % 4  	  5.1E-5 17 
	   580.6 1  	      4E-4 % 4  	  2.2E-6 22 
	   731.6 3  	      0.008 % 3  	  5.5E-5 22 
