     2.73 76  	   11 3  	     0.0042 % 10  	  1.1E-7 4 
    25.15 81  	   97 3  	     0.0062 % 10  	  1.6E-6 3 
    26.94 82  	  104 3  	     0.019 % 3  	  5.1E-6 8 
    29.04 82  	  111 3  	     0.054 % 6  	  1.57E-5 18 
    31.51 83  	  120 3  	     0.0029 % 9  	  9E-7 3 
    32.44 83  	  124 3  	     0.28 % 3  	  9.1E-5 10 
    38.72 84  	  147 3  	     0.038 % 3  	  1.47E-5 12 
    46.79 86  	  175 3  	     0.0033 % 7  	  1.5E-6 3 
    50.75 86  	  189 3  	     0.251 % 14  	  1.27E-4 7 
    52.94 87  	  197 3  	     0.046 % 5  	  2.4E-5 3 
    55.39 87  	  205 3  	     0.056 % 7  	  3.1E-5 4 
    61.79 88  	  227 3  	     0.034 % 5  	  2.1E-5 3 
    63.71 91  	  234 3  	     0.077 % 6  	  4.9E-5 4 
    65.77 89  	  241 3  	     0.117 % 7  	  7.7E-5 5 
    94.51 93  	  336 3  	     0.045 % 6  	  4.3E-5 6 
    95.13 93  	  338 3  	     0.005 % 5  	  5E-6 5 
   106.17 95  	  374 3  	     0.119 % 10  	  1.26E-4 11 
   106.77 95  	  376 3  	     0.062 % 13  	  6.6E-5 14 
   111.29 95  	  390 3  	     0.389 % 18  	  4.33E-4 20 
   113.94 96  	  398 3  	     0.133 % 8  	  1.52E-4 9 
   117.50 96  	  410 3  	     1.76 % 5  	  0.00207 6 
   129.00 97  	  446 3  	     2.43 % 15  	  0.00313 19 
   130.51 97  	  450 3  	     0.164 % 17  	  2.14E-4 22 
   130.82 97  	  451 3  	     1.12 % 5  	  0.00147 7 
   142.79 99  	  488 3  	     4.19 % 19  	  0.0060 3 
   143.73 99  	  491 3  	     3.0 % 8  	  0.0043 12 
   145.32 99  	  496 3  	     1.15 % 5  	  0.00167 7 
   152.1 10  	  516 3  	     0.095 % 9  	  1.44E-4 14 
   181.0 11  	  603 3  	     7.6 % 4  	  0.0138 7 
   208.9 11  	  684 3  	     0.60 % 7  	  0.00125 15 
   215.3 11  	  702 3  	     1.2 % 4  	  0.0026 9 
   220.9 11  	  718 3  	     0.060 % 8  	  1.33E-4 18 
   246.4 11  	  790 3  	     0.217 % 15  	  5.3E-4 4 
   260.3 10  	  837 3  	     0.058 % 13  	  1.5E-4 3 
   288.8 11  	  907 3  	     0.67 % 4  	  0.00193 12 
   307.6 11  	  959 3  	     0.17 % 3  	  5.2E-4 9 
   307.9 11  	  960 3  	     0.0025 % 25  	  8E-6 8 
   310.2 11  	  966 3  	     3.11 % 7  	  0.00965 22 
   315.7 12  	  981 3  	     5.8 % 9  	  0.018 3 
   327.0 12  	 1011 3  	     5.90 % 14  	  0.0193 5 
   338.9 12  	 1043 3  	     0.26 % 5  	  8.8E-4 17 
   350.6 12  	 1074 3  	     0.070 % 11  	  2.5E-4 4 
   364.7 12  	 1111 3  	     3.11 % 15  	  0.0113 5 
   367.0 12  	 1118 3  	     0.33 % 5  	  0.00121 18 
   381.0 12  	 1154 3  	     0.14 % 4  	  5.3E-4 15 
   385.0 12  	 1165 3  	    29.9 % 10  	  0.115 4 
   394.4 12  	 1190 3  	     0.041 % 23  	  1.6E-4 9 
   421.2 12  	 1260 3  	     0.21 % 8  	  9E-4 3 
   536.9 12  	 1615 3  	    ≈0 % 	 ≈0
   609.3 12  	 1806 3  	     0.59 % 17  	  0.0036 10 
   609.7 12  	 1738 3  	    11.65 % 24  	  0.0710 15 
   616.9 12  	 1756 3  	     0.116 % 18  	  7.2E-4 11 
   694.3 13  	 1947 3  	     0.6 % 5  	  0.004 3 
   747.0 13  	 2076 3  	     7 % 5  	  0.05 4 
