 	    13.0 	     33.3 % 21  	  0.0043 3 
	    18.4 S 	      0.015 % 4  	  2.7E-6 7 
	    42.46 5  	      0.009 % 3  	  3.8E-6 13 
	    57.766 5  	      0.47 % 3  	  2.72E-4 17 
	    77.34 3  	      0.026 % 5  	  2.0E-5 4 
 	    89.957 	      1.9 % 3  	  0.00174 24 
 	    93.35 	      3.1 % 4  	  0.0029 4 
	    99.509 6  	      1.26 % 7  	  0.00125 7 
	   100.41 3  	      0.093 % 13  	  9.3E-5 13 
 	   104.819 	      0.39 % 5  	  4.0E-4 6 
 	   105.604 	      0.74 % 10  	  7.8E-4 11 
 	   108.582 	      0.28 % 4  	  3.1E-4 4 
	   114.56 7  	      0.0098 % 21  	  1.12E-5 24 
	   129.065 1  	      2.42 % 9  	  0.00312 12 
	   135.54 5  	      0.018 % 4  	  2.4E-5 5 
	   141.02 3  	      0.050 % 8  	  7.1E-5 11 
	   145.849 10  	      0.158 % 8  	  2.30E-4 12 
	   153.977 10  	      0.722 % 21  	  0.00111 3 
	   168.65 10  	      0.010 % 3  	  1.7E-5 5 
	   168.65 10  	      0.0030 % 7  	  5.1E-6 12 
	   173.964 13  	      0.035 % 5  	  6.1E-5 9 
	   184.54 2  	      0.070 % 15  	  1.3E-4 3 
	   191.353 10  	      0.123 % 8  	  2.35E-4 15 
	   199.407 10  	      0.315 % 5  	  6.28E-4 10 
	   204.026 10  	      0.112 % 15  	  2.3E-4 3 
	   209.253 6  	      3.89 % 7  	  0.00814 15 
	   214.85 5  	      0.76 % 11  	  0.00163 24 
	   214.85 10  	      0.029 % 4  	  6.2E-5 9 
	   223.85 10  	      0.054 % 5  	  1.21E-4 11 
	   231.42 10  	      0.025 % 4  	  5.8E-5 9 
	   257.52 10  	      0.030 % 3  	  7.7E-5 8 
	   263.58 10  	      0.040 % 4  	  1.05E-4 11 
	   270.245 2  	      3.46 % 6  	  0.00935 16 
	   278.95 5  	      0.160 % 21  	  4.5E-4 6 
	   278.95 5  	      0.031 % 5  	  8.6E-5 14 
	   282.00 3  	      0.072 % 19  	  2.0E-4 5 
	   321.646 8  	      0.226 % 11  	  7.3E-4 4 
	   326.04 20  	      0.033 % 5  	  1.08E-4 16 
	   327.44 S 	      0.12 % 4  	  3.9E-4 13 
	   328.000 6  	      2.95 % 12  	  0.0097 4 
	   332.370 4  	      0.40 % 4  	  0.00133 13 
	   338.320 3  	     11.27 % 19  	  0.0381 6 
	   340.96 5  	      0.369 % 21  	  0.00126 7 
	   356.94 10  	      0.0170 % 18  	  6.1E-5 6 
	   372.57 20  	      0.0067 % 15  	  2.5E-5 6 
	   377.99 10  	      0.025 % 3  	  9.4E-5 11 
	   384.63 20  	      0.0067 % 15  	  2.6E-5 6 
	   389.12 15  	      0.0103 % 15  	  4.0E-5 6 
	   397.94 10  	      0.027 % 3  	  1.07E-4 12 
	   399.62 10  	      0.029 % 3  	  1.16E-4 12 
	   409.462 6  	      1.92 % 4  	  0.00786 16 
	   416.30 20  	      0.0132 % 21  	  5.5E-5 9 
	   419.42 10  	      0.021 % 3  	  8.8E-5 13 
	   440.44 5  	      0.121 % 8  	  5.3E-4 4 
	   449.15 5  	      0.048 % 5  	  2.16E-4 22 
	   452.47 10  	      0.015 % 5  	  6.8E-5 23 
	   457.17 15  	      0.0150 % 23  	  6.9E-5 11 
	   463.004 6  	      4.40 % 7  	  0.0204 3 
	   470.25 20  	      0.013 % 3  	  6.1E-5 14 
	   471.76 15  	      0.033 % 3  	  1.56E-4 14 
	   474.75 10  	      0.022 % 3  	  1.04E-4 14 
	   478.33 5  	      0.209 % 15  	  1.00E-3 7 
	   480.94 20  	      0.023 % 5  	  1.11E-4 24 
	   490.33 15  	      0.0111 % 23  	  5.4E-5 11 
	   492.37 10  	      0.0235 % 23  	  1.16E-4 11 
	   497.49 15  	      0.0059 % 18  	  2.9E-5 9 
	   503.823 13  	      0.182 % 12  	  9.2E-4 6 
	   508.959 17  	      0.45 % 5  	  0.0023 3 
	   515.06 10  	      0.049 % 5  	  2.5E-4 3 
	   520.151 16  	      0.067 % 5  	  3.5E-4 3 
	   523.131 16  	      0.103 % 8  	  5.4E-4 4 
	   540.76 10  	      0.026 % 3  	  1.41E-4 16 
	   546.47 5  	      0.201 % 13  	  0.00110 7 
	   548.73 15  	      0.023 % 3  	  1.26E-4 16 
	   555.12 10  	      0.046 % 5  	  2.6E-4 3 
	   562.500 4  	      0.87 % 3  	  0.00489 17 
	   570.91 10  	      0.182 % 24  	  0.00104 14 
	   572.14 8  	      0.150 % 16  	  8.6E-4 9 
	   583.41 5  	      0.111 % 10  	  6.5E-4 6 
	   590.4 S 	      0.017 % 3  	  1.00E-4 18 
	   610.64 10  	      0.023 % 5  	  1.4E-4 3 
	   616.22 3  	      0.080 % 5  	  4.9E-4 3 
	   620.38 5  	      0.080 % 5  	  5.0E-4 3 
	   623.27 20  	      0.011 % 3  	  6.9E-5 19 
	   627.23 20  	      0.014 % 3  	  8.8E-5 19 
	   629.40 5  	      0.045 % 5  	  2.8E-4 3 
	   640.34 3  	      0.054 % 5  	  3.5E-4 3 
	   648.84 10  	      0.040 % 4  	  2.6E-4 3 
	   648.84 10  	      0.040 % 4  	  2.6E-4 3 
	   651.51 3  	      0.090 % 8  	  5.9E-4 5 
	   660.1 3  	      0.0050 % 5  	  3.3E-5 3 
	   663.82 10  	      0.028 % 6  	  1.9E-4 4 
	   666.45 10  	      0.057 % 6  	  3.8E-4 4 
	   666.45 10  	      0.0050 % 20  	  3.3E-5 13 
	   672.00 15  	      0.026 % 8  	  1.7E-4 5 
	   674.16 	      0.05 % 5  	  4E-4 4 
	   674.75 	      2.1 % 7  	  0.014 5 
	   677.11 10  	      0.062 % 5  	  4.2E-4 3 
	   684.0 S 	      0.019 % 5  	  1.3E-4 3 
	   688.10 5  ? 	      0.067 % 5  	  4.6E-4 3 
	   688.10 5  	      0.067 % 5  	  4.6E-4 3 
	   692.5 S 	      0.0056 % 7  	  3.9E-5 5 
	   699.08 15  	      0.037 % 5  	  2.6E-4 3 
	   701.747 14  	      0.173 % 10  	  0.00121 7 
	   707.41 5  	      0.155 % 15  	  0.00110 11 
	   718.48 15  	      0.019 % 4  	  1.4E-4 3 
	   726.863 15  	      0.62 % 8  	  0.0045 6 
	   737.72 5  	      0.037 % 4  	  2.7E-4 3 
	   755.315 4  	      1.00 % 3  	  0.00755 23 
	   770.04 S 	      0.0063 % 8  	  4.9E-5 6 
	   772.291 5  	      1.49 % 3  	  0.01151 23 
	   774.1 2  	      0.060 % 6  	  4.6E-4 5 
	   776.56 10  	      0.019 % 6  	  1.5E-4 5 
	   778.23 S 	      0.022 % 6  	  1.7E-4 5 
	   782.142 5  	      0.485 % 19  	  0.00379 15 
	   791.49 25  	      0.010 % 3  	  7.9E-5 24 
	   791.49 25  	      0.013 % 3  	  1.03E-4 24 
	   792.8 	      0.080 % 8  	  6.3E-4 6 
	   794.947 5  	      4.25 % 7  	  0.0338 6 
	   813.77 15  	      0.0070 % 16  	  5.7E-5 13 
	   816.71 10  	      0.030 % 3  	  2.45E-4 25 
	   824.934 23  	      0.050 % 5  	  4.1E-4 4 
	   830.486 8  	      0.540 % 21  	  0.00448 17 
	   835.710 6  	      1.61 % 6  	  0.0135 5 
	   840.377 7  	      0.91 % 4  	  0.0076 3 
	   853.17 10  	      0.0031 % 4  	  2.6E-5 3 
	   870.46 4  	      0.044 % 4  	  3.8E-4 3 
	   873.17 15  	      0.031 % 6  	  2.7E-4 5 
	   874.44 7  	      0.047 % 10  	  4.1E-4 9 
	   877.46 10  	      0.014 % 3  	  1.2E-4 3 
	   880.76 10  	      0.0062 % 18  	  5.5E-5 16 
	   887.33 10  	      0.027 % 3  	  2.4E-4 3 
	   901.23 15  	      0.016 % 3  	  1.4E-4 3 
	   904.20 4  	      0.77 % 3  	  0.0070 3 
	   911.204 4  	     25.8 % 4  	  0.235 4 
	   918.97 10  	      0.027 % 3  	  2.5E-4 3 
	   921.98 10  	      0.0147 % 21  	  1.36E-4 19 
	   921.98 10  	      0.0147 % 21  	  1.36E-4 19 
	   924.03 S 	      0.0075 % 10  	  6.9E-5 9 
	   930.93 10  	      0.0124 % 18  	  1.15E-4 17 
	   930.93 10  	      0.0124 % 18  	  1.15E-4 17 
	   939.87 15  	      0.009 % 3  	  8E-5 3 
	   944.196 14  	      0.095 % 8  	  9.0E-4 8 
	   947.982 11  	      0.106 % 8  	  0.00100 8 
	   958.61 4  	      0.28 % 4  	  0.0027 4 
	   964.766 10  	      4.99 % 9  	  0.0481 9 
	   968.971 17  	     15.8 % 3  	  0.153 3 
	   975.96 5  	      0.050 % 5  	  4.9E-4 5 
	   979.48 10  	      0.026 % 3  	  2.5E-4 3 
	   987.71 20  	      0.077 % 13  	  7.6E-4 13 
	   988.63 20  	      0.077 % 13  	  7.6E-4 13 
	  1000.69 15  	      0.005 % 	  5.0035E-5
	  1013.58 20  	      0.0046 % 13  	  4.7E-5 13 
	  1016.44 15  ? 	      0.019 % 3  	  1.9E-4 3 
	  1016.44 15  	      0.019 % 3  	  1.9E-4 3 
	  1017.92 20  	      0.0057 % 13  	  5.8E-5 13 
	  1019.86 10  	      0.021 % 4  	  2.1E-4 4 
	  1033.248 9  	      0.201 % 13  	  0.00208 13 
	  1039.65 15  	      0.044 % 9  	  4.6E-4 9 
	  1040.92 15  	      0.044 % 9  	  4.6E-4 9 
	  1053.09 20  	      0.013 % 4  	  1.4E-4 4 
	  1054.11 20  	      0.018 % 5  	  1.9E-4 5 
	  1062.55 15  	      0.010 % 3  	  1.1E-4 3 
	  1065.18 4  	      0.132 % 10  	  0.00141 11 
	  1074.71 15  	      0.010 % 3  	  1.1E-4 3 
	  1088.18 15  	      0.0059 % 13  	  6.4E-5 14 
	  1095.679 20  	      0.129 % 10  	  0.00141 11 
	  1103.41 10  	      0.0150 % 23  	  1.7E-4 3 
	  1110.610 10  	      0.285 % 23  	  0.0032 3 
	  1110.610 10  	      0.019 % 10  	  2.1E-4 11 
	  1117.63 10  	      0.054 % 8  	  6.0E-4 9 
	  1135.24 15  	      0.0098 % 15  	  1.11E-4 17 
	  1142.85 15  	      0.0103 % 21  	  1.18E-4 24 
	  1148.12 15  	      0.0059 % 13  	  6.8E-5 15 
	  1153.52 4  	      0.139 % 10  	  0.00160 12 
	  1157.14 15  	      0.0070 % 13  	  8.1E-5 15 
	  1164.50 8  	      0.065 % 5  	  7.6E-4 6 
	  1175.31 10  	      0.024 % 3  	  2.8E-4 4 
	  1190.81 20  	      0.0062 % 16  	  7.4E-5 19 
	  1217.03 10  	      0.021 % 3  	  2.6E-4 4 
	  1229.40 15  	      0.0075 % 23  	  9E-5 3 
	  1245.05 20  	      0.095 % 18  	  0.00118 22 
	  1247.08 4  	      0.50 % 3  	  0.0062 4 
	  1250.04 10  	      0.062 % 5  	  7.8E-4 6 
	  1276.69 10  	      0.014 % 3  	  1.8E-4 4 
	  1286.27 20  	      0.050 % 10  	  6.4E-4 13 
	  1287.68 20  	      0.080 % 15  	  0.00103 19 
	  1309.71 20  	      0.019 % 6  	  2.5E-4 8 
	  1315.34 10  	      0.015 % 3  	  2.0E-4 4 
	  1344.59 15  	      0.0090 % 18  	  1.21E-4 24 
	  1347.50 15  	      0.015 % 3  	  2.0E-4 4 
	  1357.78 15  	      0.020 % 4  	  2.7E-4 5 
	  1365.70 15  	      0.014 % 3  	  1.9E-4 4 
	  1374.19 10  	      0.014 % 4  	  1.9E-4 5 
	  1401.49 10  	      0.012 % 3  	  1.7E-4 4 
	  1415.66 10  	      0.021 % 4  	  3.0E-4 6 
	  1430.95 10  	      0.035 % 7  	  5.0E-4 10 
	  1451.40 15  	      0.0106 % 21  	  1.5E-4 3 
	  1459.138 15  	      0.83 % 8  	  0.0121 12 
	  1469.71 15  	      0.020 % 4  	  2.9E-4 6 
	  1495.910 20  	      0.86 % 4  	  0.0129 6 
	  1501.57 5  	      0.46 % 3  	  0.0069 5 
	  1537.89 10  	      0.047 % 5  	  7.2E-4 8 
	  1548.65 4  	      0.038 % 4  	  5.9E-4 6 
	  1557.11 4  	      0.178 % 13  	  0.00277 20 
	  1559.85 20  	      0.020 % 4  	  3.1E-4 6 
	  1571.52 20  	      0.0057 % 16  	  9E-5 3 
	  1573.26 5  	      0.033 % 3  	  5.2E-4 5 
	  1580.53 3  	      0.60 % 4  	  0.0095 6 
	  1588.20 3  	      3.22 % 8  	  0.0511 13 
	  1609.41 15  	      0.0077 % 15  	  1.24E-4 24 
	  1625.06 5  	      0.255 % 18  	  0.0041 3 
	  1630.627 10  	      1.51 % 4  	  0.0246 7 
	  1638.281 10  	      0.47 % 3  	  0.0077 5 
	  1666.523 13  	      0.178 % 13  	  0.00297 22 
	  1677.67 3  	      0.054 % 5  	  9.1E-4 8 
	  1686.09 7  	      0.095 % 8  	  0.00160 13 
	  1700.59 20  	      0.0101 % 23  	  1.7E-4 4 
	  1702.43 5  	      0.048 % 5  	  8.2E-4 9 
	  1706.19 10  	      0.0085 % 10  	  1.45E-4 17 
	  1713.47 20  	      0.0054 % 10  	  9.3E-5 17 
	  1724.21 4  	      0.029 % 3  	  5.0E-4 5 
	  1738.22 25  	      0.018 % 4  	  3.1E-4 7 
	  1740.4 3  	      0.011 % 3  	  1.9E-4 5 
	  1742.0 3  	      0.0080 % 23  	  1.4E-4 4 
	  1750.54 20  	      0.0080 % 8  	  1.40E-4 14 
	  1758.11 10  	      0.035 % 4  	  6.2E-4 7 
	  1772.2 3  	      0.0018 % 5  	  3.2E-5 9 
	  1795.1 5  	      0.0021 % 8  	  3.8E-5 14 
	  1797.5 5  	      0.0021 % 8  	  3.8E-5 14 
	  1800.86 20  	      0.0044 % 8  	  7.9E-5 14 
	  1823.22 10  	      0.044 % 4  	  8.0E-4 7 
	  1826.7 3  	      0.0021 % 8  	  3.8E-5 15 
	  1835.43 10  	      0.038 % 4  	  7.0E-4 7 
	  1842.13 10  	      0.042 % 4  	  7.7E-4 7 
	  1850.13 20  	      0.0044 % 8  	  8.1E-5 15 
	  1870.83 10  	      0.0243 % 23  	  4.5E-4 4 
	  1879.6 3  	      0.0013 % 5  	  2.4E-5 9 
	  1887.10 5  	      0.090 % 8  	  0.00170 15 
	  1900.07 20  	      0.0028 % 5  	  5.3E-5 10 
	  1907.18 20  	      0.0119 % 10  	  2.27E-4 19 
	  1929.78 20  	      0.0199 % 21  	  3.8E-4 4 
	  1936.3 3  	      0.0021 % 5  	  4.1E-5 10 
	  1952.33 15  	      0.059 % 5  	  0.00115 10 
	  1955.9 5  	      8E-4 % 3  	  1.6E-5 6 
	  1958.4 3  	      0.0015 % 5  	  2.9E-5 10 
	  1965.24 20  	      0.0204 % 18  	  4.0E-4 4 
	  1971.9 3  	      0.0036 % 8  	  7.1E-5 16 
	  1979.3 3  	      0.0018 % 5  	  3.6E-5 10 
	  2029.4 5  	      0.0018 % 5  	  3.7E-5 10 
