 	    10.3 	      7.0 % 6  	  7.2E-4 7 
	    39.857 4  	      1.06 % 9  	  4.2E-4 3 
 	    70.832 	      0.0540 % 15  	  3.82E-5 11 
 	    72.873 	      0.0905 % 23  	  6.60E-5 17 
	    82.115 	      0.0109 % 3  	  8.97E-6 23 
 	    82.574 	      0.0209 % 6  	  1.73E-5 5 
 	    84.865 	      0.00762 % 20  	  6.47E-6 17 
	   288.20 4  	      0.337 % 3  	  9.72E-4 8 
	   328.03 4  	      0.125 % 6  	  4.11E-4 20 
	   433.7 5  	      0.017 % 3  	  7.3E-5 14 
	   452.98 5  	      0.363 % 3  	  0.001644 15 
	   473.0 7  	      0.050 % 4  	  2.38E-4 17 
	   493.3 7  ? 	      0.0018 % 18  	  9E-6 9 
	   576 ? 	      1.8E-4 % 18  	  1.0E-6 10 
	   620 ? 	      5E-4 % 5  	  3E-6 3 
