 	    11.1 	      0.77 % 3  	  8.6E-5 4 
 	    76.863 	      0.545 % 15  	  4.19E-4 11 
 	    79.29 	      0.907 % 23  	  7.19E-4 19 
 	    89.256 	      0.110 % 3  	  9.8E-5 3 
 	    89.807 	      0.210 % 5  	  1.89E-4 5 
 	    92.317 	      0.0777 % 20  	  7.17E-5 19 
	   221 1  	      0.0030 % 10  	  6.6E-6 22 
	   230 1  	      0.0020 % 20  	  5E-6 5 
	   230 1  	      0.0020 % 20  	  5E-6 5 
	   252.80 6  	      0.0030 % 10  	  8E-6 3 
	   268.8 2  	      0.0170 % 20  	  4.6E-5 5 
	   273.80 5  	      0.128 % 7  	  3.50E-4 19 
	   280.97 4  	      0.067 % 7  	  1.88E-4 20 
	   304.2 2  	      0.019 % 19  	  6E-5 6 
	   304.2 2  	      0.019 % 19  	  6E-5 6 
	   333.37 5  	      0.065 % 4  	  2.17E-4 13 
	   334.78 8  	      0.018 % 18  	  6E-5 6 
	   334.78 8  	      0.018 % 18  	  6E-5 6 
	   348.92 6  	      0.104 % 12  	  3.6E-4 4 
	   351.9 5  	      0.070 % 10  	  2.5E-4 4 
	   356.00 17  	      0.0070 % 20  	  2.5E-5 7 
	   386.78 5  	      0.295 % 5  	  0.001141 19 
	   388.89 5  	      0.402 % 10  	  0.00156 4 
	   394.05 8  ? 	      0.0126 % 9  	  5.0E-5 4 
	   396.02 6  	      0.026 % 4  	  1.03E-4 16 
	   405.72 2  	      0.169 % 6  	  6.86E-4 24 
	   428.07 8  	      0.00110 % 10  	  4.7E-6 4 
	   452.92 10  	      0.030 % 4  	  1.36E-4 18 
	   454.79 2  	      0.292 % 4  	  0.001328 18 
	   461.08 11  	      0.051 % 6  	  2.4E-4 3 
	   469.77 4  	      0.132 % 5  	  6.20E-4 23 
	   474.44 4  	      0.099 % 6  	  4.7E-4 3 
	   485.92 11  	      0.022 % 4  	  1.07E-4 19 
	   486.7 3  	      0.003 % 3  	  1.5E-5 15 
	   487.95 13  	      0.028 % 9  	  1.4E-4 4 
	   494.20 9  	      0.0104 % 10  	  5.1E-5 5 
	   496.90 18  	      0.0068 % 18  	  3.4E-5 9 
	   501.99 14  	      0.0180 % 20  	  9.0E-5 10 
	   519.90 5  	      0.0165 % 17  	  8.6E-5 9 
	   524.60 8  	      0.0168 % 17  	  8.8E-5 9 
	   528 1  	      0.0050 % 20  	  2.6E-5 11 
	   536.78 4  	      0.065 % 6  	  3.5E-4 3 
	   542.83 7  	      0.077 % 6  	  4.2E-4 3 
	   547.6 3  	      0.0020 % 20  	  1.1E-5 11 
	   572.78 6  	      0.078 % 5  	  4.5E-4 3 
	   595.24 7  	      0.0170 % 20  	  1.01E-4 12 
	   600.0 5  	      0.0080 % 20  	  4.8E-5 12 
	   609.320 5  	     45.49 % 16  	  0.2772 10 
	   615.77 5  	      0.054 % 7  	  3.3E-4 4 
	   617.1 2  	      0.034 % 4  	  2.10E-4 25 
	   626.4 6  ? 	      0.0040 % 10  	  2.5E-5 6 
	   630.8 1  	      0.009 % 9  	  6E-5 6 
	   630.8 1  	      0.009 % 9  	  6E-5 6 
	   633.10 4  	      0.056 % 3  	  3.55E-4 19 
	   634.72 21  	      0.0064 % 23  	  4.1E-5 15 
	   639.62 8  	      0.033 % 3  	  2.11E-4 19 
	   649.22 5  	      0.057 % 5  	  3.7E-4 3 
	   651.50 16  	      1.0E-3 % 10  	  7E-6 7 
	   658.7 2  	      0.0140 % 20  	  9.2E-5 13 
	   660.94 13  	      0.053 % 4  	  3.5E-4 3 
	   665.447 9  	      1.531 % 6  	  0.01019 4 
	   677.41 15  	      0.006 % 3  	  4.1E-5 20 
	   683.23 5  	      0.082 % 5  	  5.6E-4 3 
	   687.60 19  	      0.0065 % 13  	  4.5E-5 9 
	   693.3 3  ? 	      0.0056 % 15  	  3.9E-5 10 
	   697.93 8  	      0.067 % 4  	  4.7E-4 3 
	   699.82 13  	      0.016 % 5  	  1.1E-4 3 
	   703.11 4  	      0.472 % 9  	  0.00332 6 
	   704.96 22  	      0.047 % 7  	  3.3E-4 5 
	   708.87 21  	      0.0121 % 12  	  8.6E-5 9 
	   710.71 8  	      0.0740 % 20  	  5.26E-4 14 
	   719.87 3  	      0.392 % 8  	  0.00282 6 
	   723.08 10  	      0.037 % 3  	  2.68E-4 22 
	   733.81 7  	      0.041 % 3  	  3.01E-4 22 
	   740.76 13  	      0.0430 % 20  	  3.19E-4 15 
	   752.85 3  	      0.128 % 7  	  9.6E-4 5 
	   768.360 5  	      4.894 % 11  	  0.03760 8 
	   769.7 5  	      0.030 % 10  	  2.3E-4 8 
	   786.35 14  	      0.32 % 4  	  0.0025 3 
	   788.6 4  	      0.0130 % 20  	  1.03E-4 16 
	   806.180 9  	      1.264 % 5  	  0.01019 4 
	   814.96 9  	      0.039 % 3  	  3.18E-4 24 
	   821.18 3  	      0.161 % 8  	  0.00132 7 
	   826.45 10  	      0.117 % 13  	  9.7E-4 11 
	   832.36 9  	      0.0280 % 20  	  2.33E-4 17 
	   840.4 5  	      0.0100 % 20  	  8.4E-5 17 
	   847.16 11  	      0.024 % 3  	  2.0E-4 3 
	   873.06 18  	      0.018 % 3  	  1.6E-4 3 
	   878.03 12  	      0.012 % 3  	  1.1E-4 3 
	   904.31 8  	      0.076 % 7  	  6.9E-4 6 
	   915.75 13  	      0.0230 % 20  	  2.11E-4 18 
	   917.7 3  	      0.005 % 3  	  5E-5 3 
	   930.2 2  	      0.026 % 4  	  2.4E-4 4 
	   934.056 6  	      3.107 % 10  	  0.02902 9 
	   934.1 2  	      0.050 % 10  	  4.7E-4 9 
	   934.5 5  	      0.010 % 3  	  9E-5 3 
	   938.65 16  	      0.013 % 4  	  1.2E-4 4 
	   939.6 5  	      0.017 % 6  	  1.6E-4 6 
	   943.33 11  	      0.0170 % 20  	  1.60E-4 19 
	   949.8 5  	      0.0055 % 23  	  5.2E-5 22 
	   952.2 8  	      0.0059 % 23  	  5.6E-5 22 
	   961.62 17  	      0.0101 % 13  	  9.7E-5 13 
	   964.08 3  	      0.365 % 10  	  0.00352 10 
	   965.00 10  	      0.011 % 3  	  1.1E-4 3 
	   976.18 12  	      0.0154 % 21  	  1.50E-4 20 
	   991.49 19  	      0.0110 % 20  	  1.09E-4 20 
	  1013.4 7  	      0.013 % 4  	  1.3E-4 4 
	  1021.36 17  	      0.0150 % 23  	  1.53E-4 23 
	  1032.38 7  	      0.063 % 4  	  6.5E-4 4 
	  1033.3 2  	      0.020 % 3  	  2.1E-4 3 
	  1038.0 2  	      0.0084 % 11  	  8.7E-5 11 
	  1045.7 2  	      0.0230 % 20  	  2.41E-4 21 
	  1051.96 3  	      0.313 % 7  	  0.00329 7 
	  1058.1 	      0.008 % 3  	  8E-5 3 
	  1062.4 	      0.013 % 8  	  1.4E-4 8 
	  1067.39 24  	      0.025 % 6  	  2.7E-4 6 
	  1069.96 7  	      0.272 % 9  	  0.00291 10 
	  1087.4 	      0.015 % 7  	  1.6E-4 8 
	  1103.70 13  	      0.098 % 12  	  0.00108 13 
	  1104.71 13  	      0.078 % 4  	  8.6E-4 4 
	  1108.8 	      0.015 % 5  	  1.7E-4 6 
	  1118.9 5  	      0.040 % 10  	  4.5E-4 11 
	  1120.294 6  	     14.92 % 3  	  0.1671 3 
	  1130.45 16  	      0.036 % 3  	  4.1E-4 3 
	  1133.66 3  	      0.2512 % 10  	  0.002848 11 
	  1155.210 8  	      1.633 % 6  	  0.01886 7 
	  1155.6 5  	      0.016 % 4  	  1.8E-4 5 
	  1156 1  	      0.007 % 3  	  8E-5 3 
	  1167.3 2  	      0.0120 % 20  	  1.40E-4 23 
	  1173.00 8  	      0.055 % 3  	  6.5E-4 4 
	  1207.68 3  	      0.451 % 10  	  0.00545 12 
	  1226.7 3  	      0.009 % 9  	  1.1E-4 11 
	  1226.7 3  	      0.009 % 9  	  1.1E-4 11 
	  1230.6 3  	      0.008 % 3  	  1.0E-4 4 
	  1238.122 7  	      5.834 % 15  	  0.07223 19 
	  1279.0 7  	      0.0130 % 20  	  1.7E-4 3 
	  1280.976 10  	      1.434 % 6  	  0.01837 8 
	  1284 1  	      0.0110 % 10  	  1.41E-4 13 
	  1285.1 5  	      0.016 % 3  	  2.1E-4 4 
	  1303.75 7  	      0.107 % 5  	  0.00140 7 
	  1316.99 9  	      0.081 % 6  	  0.00107 8 
	  1321.5 	      0.0050 % 20  	  7E-5 3 
	  1329.94 16  	      0.081 % 6  	  0.00108 8 
	  1341.49 13  	      0.021 % 3  	  2.8E-4 4 
	  1370.5 	      0.0100 % 20  	  1.4E-4 3 
	  1377.669 8  	      3.988 % 11  	  0.05494 15 
	  1385.310 13  	      0.793 % 5  	  0.01099 7 
	  1392.5 4  ? 	      0.0090 % 20  	  1.3E-4 3 
	  1401.515 12  	      1.330 % 5  	  0.01864 7 
	  1407.988 11  	      2.394 % 7  	  0.03371 10 
	  1419.70 24  	      0.0053 % 8  	  7.5E-5 11 
	  1449.2 	      0.018 % 9  	  2.6E-4 13 
	  1470.9 3  	      0.0092 % 14  	  1.35E-4 21 
	  1479.17 9  	      0.055 % 4  	  8.1E-4 6 
	  1481.3 	      9E-4 % 3  	  1.3E-5 4 
	  1483.5 	      0.013 % 5  	  1.9E-4 7 
	  1509.210 10  	      2.130 % 10  	  0.03215 15 
	  1515.5 3  ? 	      0.0068 % 10  	  1.03E-4 15 
	  1538.53 5  	      0.398 % 11  	  0.00612 17 
	  1543.34 5  	      0.303 % 10  	  0.00468 15 
	  1583.204 15  	      0.705 % 5  	  0.01116 8 
	  1594.75 7  	      0.267 % 12  	  0.00426 19 
	  1595 1  	      0.005 % 3  	  8E-5 5 
	  1598.0 5  	      0.006 % 3  	  1.0E-4 5 
	  1599.37 5  	      0.324 % 12  	  0.00518 19 
	  1636.36 16  	      0.0115 % 13  	  1.88E-4 21 
	  1637 1  	      0.006 % 3  	  1.0E-4 5 
	  1657.07 17  	      0.048 % 4  	  8.0E-4 7 
	  1661.274 16  	      1.047 % 6  	  0.01739 10 
	  1665.9 2  	      0.0067 % 11  	  1.12E-4 18 
	  1676.1 	      0.0025 % 25  	  4E-5 4 
	  1684.012 20  	      0.214 % 5  	  0.00360 8 
	  1711.0 8  ? 	      0.0018 % 9  	  3.1E-5 15 
	  1729.595 11  	      2.878 % 8  	  0.04978 14 
	  1751.6 6  	      1.0E-3 % 5  	  1.8E-5 9 
	  1764.491 10  	     15.30 % 3  	  0.2700 5 
	  1813.72 13  	      0.0110 % 10  	  2.00E-4 18 
	  1819.2 4  	      7E-4 % 7  	  1.3E-5 13 
	  1838.36 4  	      0.350 % 10  	  0.00643 18 
	  1847.429 13  	      2.025 % 9  	  0.03741 17 
	  1873.16 5  	      0.214 % 8  	  0.00401 15 
	  1890.32 9  	      0.084 % 8  	  0.00159 15 
	  1896.05 12  	      0.149 % 8  	  0.00283 15 
	  1898.68 14  	      0.050 % 7  	  9.5E-4 13 
	  1935.62 16  	      0.032 % 3  	  6.2E-4 6 
	  1994.6 5  	      0.007 % 3  	  1.4E-4 6 
	  2010.82 9  	      0.0444 % 15  	  8.9E-4 3 
	  2021.55 10  	      0.0205 % 16  	  4.1E-4 3 
	  2052.97 9  	      0.069 % 4  	  0.00142 8 
	  2085.19 14  	      0.0440 % 20  	  9.2E-4 4 
	  2089.67 10  	      0.0453 % 21  	  9.5E-4 4 
	  2109.98 8  	      0.085 % 3  	  0.00179 6 
	  2118.514 19  	      1.160 % 6  	  0.02457 13 
	  2120.0 10  	      0.0070 % 20  	  1.5E-4 4 
	  2147.99 11  	      0.0137 % 9  	  2.94E-4 19 
	  2160.4 3  	      0.0018 % 5  	  3.9E-5 11 
	  2176.54 17  	      0.0033 % 4  	  7.2E-5 9 
	  2192.59 11  	      0.042 % 13  	  9E-4 3 
	  2204.059 22  	      4.924 % 18  	  0.1085 4 
	  2251.51 13  	      0.0058 % 4  	  1.31E-4 9 
	  2260.27 12  	      0.0087 % 4  	  1.97E-4 9 
	  2266.53 11  	      0.0166 % 8  	  3.76E-4 18 
	  2270.9 4  	      0.00130 % 20  	  3.0E-5 5 
	  2284.34 17  	      0.00500 % 20  	  1.14E-4 5 
	  2287.65 23  	      0.0045 % 5  	  1.03E-4 11 
	  2293.38 3  	      0.307 % 3  	  0.00704 7 
	  2310.2 3  	      0.0014 % 9  	  3.2E-5 21 
	  2312.42 13  	      0.0088 % 8  	  2.03E-4 18 
	  2319.3 3  ? 	      4.0E-4 % 20  	  9E-6 5 
	  2325.16 24  	      0.00170 % 20  	  4.0E-5 5 
	  2331.36 10  	      0.0217 % 12  	  5.1E-4 3 
	  2348.0 13  	      1.4E-4 % 9  	  3.3E-6 21 
	  2353.5 7  	      4.0E-4 % 20  	  9E-6 5 
	  2360.98 17  	      0.00160 % 20  	  3.8E-5 5 
	  2369.54 16  	      0.0028 % 4  	  6.6E-5 9 
	  2376.91 10  	      0.0089 % 4  	  2.12E-4 10 
	  2390.83 19  	      0.00158 % 13  	  3.8E-5 3 
	  2405.1 5  	      4.1E-4 % 14  	  1.0E-5 3 
	  2423.34 11  	      0.0049 % 4  	  1.19E-4 10 
	  2444.7 5  	      0.0082 % 4  	  2.00E-4 10 
	  2447.70 3  	      1.548 % 7  	  0.03789 17 
	  2472.9 	      0.0023 % 8  	  5.7E-5 20 
	  2482.8 4  	      0.0020 % 9  	  5.0E-5 22 
	  2505.48 10  	      0.0056 % 4  	  1.40E-4 10 
	  2550.7 5  	      3.2E-4 % 9  	  8.2E-6 23 
	  2553.0 6  	      1.00E-4 % 10  	  2.6E-6 3 
	  2562.0 6  	      1.8E-4 % 9  	  4.6E-6 23 
	  2564.0 6  	      1.4E-4 % 9  	  3.6E-6 23 
	  2574.2 	      2.4E-4 % 24  	  6E-6 6 
	  2604.5 4  	      4.0E-4 % 7  	  1.04E-5 18 
	  2630.9 2  	      8.6E-4 % 13  	  2.3E-5 3 
	  2662.3 5  	      2.0E-4 % 4  	  5.3E-6 11 
	  2694.66 10  	      0.0303 % 9  	  8.16E-4 24 
	  2699.26 14  	      0.00280 % 20  	  7.6E-5 5 
	  2719.33 14  	      0.00170 % 20  	  4.6E-5 5 
	  2769.93 11  	      0.0246 % 11  	  6.8E-4 3 
	  2785.95 11  	      0.0056 % 4  	  1.56E-4 11 
	  2826.97 14  	      0.00230 % 20  	  6.5E-5 6 
	  2861.0 3  	      4.0E-4 % 8  	  1.14E-5 23 
	  2880.35 12  	      0.0101 % 6  	  2.91E-4 17 
	  2893.53 10  	      0.0058 % 4  	  1.68E-4 12 
	  2921.98 11  	      0.0137 % 4  	  4.00E-4 12 
	  2928.54 21  	      0.00110 % 10  	  3.2E-5 3 
	  2934.57 23  	      4.7E-4 % 9  	  1.4E-5 3 
	  2978.93 11  	      0.0140 % 4  	  4.17E-4 12 
	  2999.97 14  	      0.0088 % 4  	  2.64E-4 12 
	  3053.93 15  	      0.0211 % 7  	  6.44E-4 21 
	  3081.77 15  	      0.0050 % 4  	  1.54E-4 12 
	  3094.0 3  	      3.8E-4 % 4  	  1.18E-5 12 
	  3142.56 22  	      0.00120 % 9  	  3.8E-5 3 
	  3149.0 5  	      8.6E-5 % 9  	  2.7E-6 3 
	  3160.5 4  	      4.7E-4 % 8  	  1.5E-5 3 
	  3183.63 23  	      0.00133 % 9  	  4.2E-5 3 
