22.3 30  	   86 11  	     1.0E-3 % 10  	  2.1E-7 21 
    25.1 30  	   97 11  	     1.4E-4 % 9  	  3.5E-8 23 
    28.6 31  	  110 11  	     7.9E-4 % 12  	  2.3E-7 4 
    31.7 31  	  121 11  	     9.0E-5 % 9  	  2.9E-8 4 
    33.5 31  	  127 11  	     0.0021 % 4  	  7.0E-7 15 
    47.1 32  	  176 11  	     7E-4 % 7  	  3E-7 3 
    50.6 32  	  188 11  	     0.0073 % 9  	  3.7E-6 5 
    58.7 33  	  216 11  	     0.038 % 4  	  2.2E-5 3 
    70.5 33  	  256 11  	     0.043 % 5  	  3.0E-5 4 
    73.7 34  	  267 11  	     0.007 % 3  	  5.2E-6 22 
    74.7 34  	  270 11  	     0.0104 % 5  	  7.8E-6 5 
    78.9 34  	  284 11  	     0.004 % 4  	  4E-6 4 
    81.1 34  	  291 11  	     0.0168 % 6  	  1.36E-5 8 
    86.0 34  	  307 11  	     4.0E-4 % 20  	  3.4E-7 17 
    92.8 35  	  329 11  	     0.041 % 3  	  3.8E-5 3 
    94.8 35  	  335 11  	     0.00217 % 22  	  2.06E-6 22 
    96.6 35  	  341 11  	     0.00110 % 10  	  1.06E-6 10 
    98.7 35  	  348 11  	     0.02225 % 9  	  2.20E-5 8 
    99.4 35  	  351 11  	     0.0014 % 9  	  1.4E-6 9 
   106.5 35  	  373 11  	     0.0045 % 5  	  4.8E-6 6 
   107.6 35  	  376 11  	     0.0108 % 5  	  1.16E-5 7 
   111.8 35  	  390 11  	     0.0114 % 8  	  1.27E-5 10 
   115.2 36  	  400 11  	     0.014 % 3  	  1.6E-5 3 
   118.1 36  	  409 11  	     0.032 % 7  	  3.8E-5 8 
   129.1 36  	  443 11  	     0.033 % 12  	  4.3E-5 16 
   142.5 37  	  484 11  	     0.047 % 5  	  6.7E-5 7 
   147.9 37  	  500 11  	     0.050 % 7  	  7.4E-5 11 
   161.8 38  	  541 11  	     0.538 % 15  	  8.7E-4 3 
   164.9 38  	  551 11  	     0.267 % 9  	  4.40E-4 18 
   171.9 38  	  571 11  	     0.104 % 7  	  1.79E-4 13 
   173.3 38  	  575 11  	     0.292 % 12  	  5.06E-4 24 
   184.4 38  	  608 11  	     0.127 % 11  	  2.34E-4 21 
   195.4 39  	  639 11  	     0.036 % 8  	  7.0E-5 16 
   204.5 39  	  665 11  	     0.150 % 10  	  3.07E-4 21 
   219.5 40  	  708 11  	     1.8E-4 % 9  	  4.0E-7 20 
   222.8 40  	  717 11  	     1.00E-4 % 10  	  2.23E-7 23 
   225.7 40  	  725 11  	     0.044 % 4  	  9.9E-5 9 
   238.9 40  	  762 11  	     0.123 % 13  	  2.9E-4 3 
   239.9 40  	  765 11  	     0.173 % 9  	  4.15E-4 23 
   248.2 40  	  788 11  	     1.244 % 24  	  0.00309 8 
   260.9 41  	  822 11  	     2.78 % 5  	  0.00725 17 
   269.8 41  	  847 11  	     0.074 % 10  	  2.0E-4 3 
   293.0 41  	  909 11  	     0.006 % 6  	  1.8E-5 18 
   318.2 42  	  977 11  	     0.557 % 7  	  0.00177 3 
   328.4 42  	 1004 11  	     0.196 % 9  	  6.4E-4 3 
   352.1 42  	 1066 11  	     5.60 % 3  	  0.0197 3 
   356.5 43  	 1077 11  	     0.855 % 16  	  0.00305 7 
   373.7 43  	 1122 11  	     0.444 % 18  	  0.00166 7 
   385.1 43  	 1151 11  	     4.345 % 20  	  0.01673 20 
   396.8 43  	 1182 11  	     0.102 % 12  	  4.0E-4 5 
   424.6 44  	 1253 11  	     2.450 % 9  	  0.01040 11 
   427.1 44  	 1259 11  	     1.431 % 8  	  0.00611 7 
   433.5 44  	 1275 11  	     1.177 % 17  	  0.00510 9 
   474.9 44  	 1380 11  	     1.588 % 13  	  0.00754 9 
   492.0 44  	 1423 11  	     8.14 % 3  	  0.0400 4 
   525.3 45  	 1505 11  	    16.96 % 5  	  0.0891 8 
   529.7 43  ? 	 1557 11  	     0.163 % 13  	  8.6E-4 7 
   534.0 45  	 1527 11  	     0.125 % 11  	  6.7E-4 6 
   539.4 45  	 1540 11  	    17.57 % 4  	  0.0948 8 
   567.2 45  	 1609 11  	     0.61 % 5  	  0.0035 3 
   615.4 46  	 1727 11  	     3.12 % 3  	  0.01920 23 
   668.1 46  	 1855 11  	     0.89 % 3  	  0.00595 20 
   683.7 46  	 1892 11  	     7.35 % 5  	  0.0503 5 
  1007.5 47  ? 	 2661 11  	     0.58 % 18  	  0.0058 18 
  1268.8 48  	 3270 11  	    19.10 % 17  	  0.2423 23 
