 	    11.1 	      0.059 % 3  	  6.5E-6 3 
 	    76.863 	      0.0405 % 12  	  3.11E-5 9 
 	    79.29 	      0.0674 % 18  	  5.34E-5 14 
 	    89.256 	      0.00814 % 22  	  7.26E-6 20 
 	    89.807 	      0.0156 % 4  	  1.40E-5 4 
 	    92.317 	      0.00577 % 16  	  5.33E-6 15 
	   180.2 	      0.0032 % 13  	  5.8E-6 23 
	   727.330 9  	      6.67 % 9  	  0.0485 7 
	   785.37 8  	      1.102 % 13  	  0.00865 10 
	   893.408 5  	      0.378 % 19  	  0.00338 17 
	   952.120 11  	      0.17 % 3  	  0.0016 3 
	  1073.6 2  	      0.0160 % 19  	  1.72E-4 21 
	  1078.62 10  	      0.564 % 19  	  0.00608 21 
	  1512.7 3  	      0.29 % 4  	  0.0044 6 
	  1620.50 10  	      1.47 % 3  	  0.0238 5 
	  1679.7 5  	      0.058 % 13  	  9.7E-4 22 
	  1806.0 5  	      0.090 % 19  	  0.0016 3 
