 	     4.29 	      5.8 % 3  	  2.50E-4 12 
 	    30.625 	     13.6 % 3  	  0.00418 10 
 	    30.973 	     25.0 % 6  	  0.00774 19 
 	    34.92 	      2.36 % 5  	  8.26E-4 19 
 	    34.987 	      4.56 % 10  	  0.00160 4 
 	    35.818 	      1.41 % 3  	  5.06E-4 12 
	    79.6142 12  	      0.44 % 18  	  3.5E-4 15 
	    80.9979 11  	     36.9 % 	  0.02989
	   160.6120 16  	      0.1066 % 12  	  1.712E-4 19 
	   223.2368 13  	      1.37E-4 % 18  	  3.0E-7 4 
	   302.8508 5  	      0.0055 % 8  	  1.68E-5 25 
	   383.8485 12  	      0.0027 % 4  	  1.03E-5 14
