XR l 	     4.11 	      0.63 % 3  	  2.60E-5 14 
XR kα2 	    29.461 	      1.53 % 4  	  4.50E-4 12 
 	    29.782 	      2.82 % 8  	  8.38E-4 22 
 	    33.562 	      0.263 % 7  	  8.84E-5 23 
 	    33.624 	      0.509 % 13  	  1.71E-4 4 
 	    34.419 	      0.154 % 4  	  5.30E-5 14 
	    80.185 2  	      2.62 % 4  	  0.00210 3 
	    85.9 2  	      9E-5 % 5  	  8E-8 4 
	   163.930 8  	      0.0211 % 4  	  3.46E-5 7 
	   177.214 2  	      0.269 % 4  	  4.77E-4 6 
	   232.18 15  	      0.0032 % 4  	  7.4E-6 9 
	   272.498 17  	      0.0576 % 11  	  1.57E-4 3 
	   284.305 5  	      6.12 % 6  	  0.01740 18 
	   295.8 2  	      0.0018 % 8  	  5.3E-6 24 
	   302.4 2  	      0.0047 % 6  	  1.43E-5 17 
	   318.088 16  	      0.0774 % 17  	  2.46E-4 5 
	   324.651 25  	      0.0212 % 24  	  6.9E-5 8 
	   325.789 4  	      0.273 % 21  	  8.9E-4 7 
	   358.4 2  	      0.016 % 6  	  5.8E-5 20 
	   364.489 5  	     81.5 % 8  	  0.297 3 
	   404.814 4  	      0.0546 % 17  	  2.21E-4 7 
	   503.004 4  	      0.359 % 4  	  0.001808 20 
	   636.989 4  	      7.16 % 10  	  0.0456 6 
	   642.719 5  	      0.217 % 4  	  0.00139 3 
	   722.911 5  	      1.77 % 3  	  0.01279 19 
