 53.6 18  	  196 6  	     0.0035 % 5  	  1.9E-6 3 
    63.1 19  	  228 6  	     0.100 % 20  	  6.3E-5 13 
    73.3 19  	  261 6  	     0.015 % 3  	  1.10E-5 22 
    92.2 20  	  320 6  	     0.19 % 4  	  1.8E-4 4 
    99.9 20  	  344 6  	     0.069 % 13  	  6.9E-5 13 
   103.3 20  	  354 6  	     0.45 % 6  	  4.6E-4 6 
   107.5 20  	  367 6  	     0.22 % 4  	  2.4E-4 4 
   114.6 21  	  388 6  	     0.140 % 20  	  1.60E-4 23 
   127.2 21  	  425 6  	     0.180 % 20  	  2.3E-4 3 
   138.9 21  	  459 6  	     0.083 % 11  	  1.15E-4 15 
   142.2 21  	  469 6  	     0.16 % 3  	  2.3E-4 4 
   151.9 22  	  497 6  	     0.024 % 5  	  3.6E-5 8 
   154.8 22  	  505 6  	     0.75 % 6  	  0.00116 9 
   161.3 22  	  523 6  	     0.66 % 6  	  0.00106 10 
   213.1 23  ? 	  664 6  	     0.05 % 5  	  1.1E-4 11 
   223.0 23  	  690 6  	     0.90 % 6  	  0.00201 14 
   242.3 23  	  741 6  	     1.28 % 5  	  0.00310 12 
   242.7 23  	  742 6  	    13.0 % 8  	  0.0316 20 
   275.6 24  	  827 6  	     0.35 % 4  	  9.6E-4 11 
   309.1 24  	  911 6  	     3.40 % 20  	  0.0105 6 
   331.9 25  	  968 6  	     8.2 % 4  	  0.0272 13 
   341.9 25  	  992 6  	     2.73 % 12  	  0.0093 4 
   343.9 25  	  997 6  	     3.20 % 20  	  0.0110 7 
   409.6 26  	 1156 6  	     2.50 % 20  	  0.0102 8 
   422.1 26  	 1186 6  	    19.0 % 5  	  0.0802 22 
   440.8 26  	 1230 6  	     0.70 % 20  	  0.0031 9 
   510.5 26  ? 	 1394 6  	     0.04 % 4  	  2.0E-4 20 
   519.2 27  	 1414 6  	     0.8 % 6  	  0.004 3 
   543.8 26  	 1471 6  	     9.1 % 9  	  0.049 5 
   574.3 27  	 1541 6  	     0.06 % 6  	  3E-4 3 
   608.1 27  	 1618 6  	    12.3 % 6  	  0.075 4 
   678.6 27  ? 	 1777 6  	     0.5 % 5  	  0.003 3 
   841.8 28  	 2141 6  	    19.0 % 20  	  0.160 17 
