 	     4.11 	      0.116 % 6  	  4.8E-6 3 
 	    29.461 	      0.296 % 9  	  8.7E-5 3 
 	    29.782 	      0.546 % 16  	  1.63E-4 5 
 	    33.562 	      0.0511 % 14  	  1.71E-5 5 
 	    33.624 	      0.099 % 3  	  3.32E-5 9 
 	    34.419 	      0.0299 % 9  	  1.03E-5 3 
	   136.7 4  	      0.079 % 10  	  1.08E-4 13 
	   136.7 4  	      0.079 % 10  	  1.08E-4 13 
	   147.4 1  	      0.237 % 20  	  3.5E-4 3 
	   183.6 3  	      0.138 % 20  	  2.5E-4 4 
	   234.3 6  	      0.030 % 10  	  6.9E-5 23 
	   250.8 6  	      0.018 % 5  	  4.5E-5 12 
	   250.8 6  	      0.018 % 5  	  4.5E-5 12 
	   255.1 2  	      0.237 % 20  	  6.0E-4 5 
	   255.1 3  	      0.010 % 10  	  3E-5 3 
	   262.9 1  	      1.28 % 10  	  0.0034 3 
	   278.4 4  	      0.039 % 10  	  1.1E-4 3 
	   278.4 4  	      0.039 % 10  	  1.1E-4 3 
	   284.9 1  	      0.71 % 7  	  0.00202 20 
	   302.0 7  ? 	      0.0049 % 5  	  1.49E-5 15 
	   306.7 4  	      0.099 % 20  	  3.0E-4 6 
	   306.7 4  	      0.099 % 20  	  3.0E-4 6 
	   310.1 4  	      0.089 % 20  	  2.8E-4 6 
	   310.1 4  	      0.089 % 20  	  2.8E-4 6 
	   316.7 4  	      0.128 % 20  	  4.1E-4 6 
	   343.7 4  	      0.089 % 20  	  3.1E-4 7 
	   355.2 4  ? 	      0.049 % 20  	  1.8E-4 7 
	   355.2 4  ? 	      0.049 % 20  	  1.8E-4 7 
	   363.34 5  	      0.49 % 10  	  0.0018 4 
	   387.9 3  	      0.30 % 5  	  0.00115 19 
	   387.9 3  	      0.30 % 5  	  0.00115 19 
	   387.9 3  	      0.30 % 5  	  0.00115 19 
	   416.8 3  	      0.47 % 5  	  0.00197 21 
	   431.8 3  	      0.47 % 5  	  0.00205 21 
	   445.0 6  ? 	      0.0987 % 	  4.392E-4
	   446.2 3  	      0.60 % 5  	  0.00269 22 
	   473.6 4  	      0.17 % 4  	  7.9E-4 19 
	   478.2 4  	      0.17 % 4  	  8.0E-4 19 
	   488.0 4  	      0.41 % 5  	  0.00202 24 
	   488.0 4  	      0.41 % 5  	  0.00202 24 
	   505.79 3  	      4.93 % 20  	  0.0250 10 
	   522.65 9  	     16.0 % 5  	  0.084 3 
	   535.4 3  	      0.51 % 5  	  0.0027 3 
	   539.7 4  ? 	      0.109 % 20  	  5.9E-4 11 
	   539.7 4  ? 	      0.109 % 20  	  5.9E-4 11 
	   547.2 2  	      1.14 % 8  	  0.0062 4 
	   559.7 4  	      0.089 % 20  	  5.0E-4 11 
	   572.5 4  ? 	      0.059 % 20  	  3.4E-4 11 
	   572.5 4  ? 	      0.059 % 20  	  3.4E-4 11 
	   591.1 6  	      0.07 % 3  	  4.1E-4 18 
	   591.1 6  	      0.07 % 3  	  4.1E-4 18 
	   600.0 6  	      0.13 % 3  	  7.7E-4 18 
	   600.0 6  	      0.13 % 3  	  7.7E-4 18 
	   620.9 2  	      0.39 % 20  	  0.0025 12 
	   621.2 3  	      1.58 % 20  	  0.0098 12 
	   630.19 2  	     13.3 % 4  	  0.0840 25 
	   650.5 2  	      2.57 % 20  	  0.0167 13 
	   667.714 2  	     98.7 % 	  0.6590337
	   669.8 2  	      4.6 % 6  	  0.031 4 
	   671.4 2  	      3.5 % 10  	  0.023 7 
	   684.4 2  ? 	      0.039 % 10  	  2.7E-4 7 
	   687.8 5  	      0.039 % 20  	  2.7E-4 14 
	   706.4 7  	      0.0197 % 20  	  1.39E-4 14 
	   727.0 3  	      2.2 % 6  	  0.016 4 
	   727.2 3  	      3.2 % 6  	  0.023 4 
	   728.4 2  	      1.6 % 4  	  0.012 3 
	   771.7 ? 	      0.020 % 20  	  1.5E-4 15 
	   772.60 1  	     75.6 % 13  	  0.584 10 
	   780.0 2  	      1.18 % 4  	  0.0092 3 
	   784.4 4  	      0.38 % 4  	  0.0030 3 
	   791.2 4  	      0.099 % 20  	  7.8E-4 16 
	   809.5 2  	      2.6 % 3  	  0.0208 24 
	   812.0 2  	      5.5 % 4  	  0.045 3 
	   831.3 5  	      0.025 % 10  	  2.1E-4 8 
	   847.9 5  	      0.017 % 5  	  1.4E-4 4 
	   863.0 2  	      0.56 % 5  	  0.0049 4 
	   866.0 6  	      0.036 % 14  	  3.1E-4 12 
	   866.0 6  	      0.036 % 14  	  3.1E-4 12 
	   876.6 2  	      1.04 % 4  	  0.0091 3 
	   886.1 5  	      0.025 % 8  	  2.2E-4 7 
	   888.7 5  	      0.035 % 8  	  3.1E-4 7 
	   888.7 5  	      0.035 % 8  	  3.1E-4 7 
	   904.4 5  	      0.013 % 4  	  1.2E-4 4 
	   910.1 2  	      0.93 % 3  	  0.0084 3 
	   927.4 3  	      0.41 % 4  	  0.0038 4 
	   947.2 6  	      0.044 % 14  	  4.2E-4 13 
	   954.55 9  	     17.6 % 5  	  0.168 5 
	   965.8 5  	      0.035 % 8  	  3.3E-4 8 
	   984.2 2  	      0.59 % 4  	  0.0058 4 
	   995.8 5  	      0.030 % 10  	  2.9E-4 10 
	  1002.5 6  	      0.026 % 7  	  2.6E-4 7 
	  1002.5 6  	      0.026 % 7  	  2.6E-4 7 
	  1005.4 6  	      0.016 % 5  	  1.6E-4 5 
	  1009.0 4  	      0.046 % 7  	  4.7E-4 7 
	  1035.0 2  	      0.51 % 5  	  0.0053 5 
	  1049.6 4  	      0.046 % 12  	  4.9E-4 12 
	  1081.8 4  	      0.035 % 8  	  3.7E-4 9 
	  1081.8 4  	      0.035 % 8  	  3.7E-4 9 
	  1086.2 4  	      0.079 % 20  	  8.6E-4 21 
	  1096.9 4  	      0.044 % 8  	  4.9E-4 9 
	  1112.4 4  	      0.065 % 15  	  7.2E-4 16 
	  1126.5 4  	      0.049 % 20  	  5.6E-4 22 
	  1126.5 4  	      0.049 % 20  	  5.6E-4 22 
	  1136.00 2  	      3.01 % 14  	  0.0342 16 
	  1143.3 2  	      1.35 % 6  	  0.0155 7 
	  1147.8 5  	      0.27 % 5  	  0.0031 6 
	  1172.9 2  	      1.09 % 7  	  0.0127 8 
	  1242.6 7  ? 	      0.0118 % 	  1.4717E-4
	  1254.1 4  	      0.059 % 7  	  7.4E-4 9 
	  1263.6 5  	      0.027 % 6  	  3.4E-4 7 
	  1272.8 4  	      0.168 % 20  	  0.0021 3 
	  1290.8 2  	      1.13 % 5  	  0.0145 6 
	  1295.1 2  	      1.88 % 7  	  0.0243 9 
	  1297.91 2  	      0.89 % 7  	  0.0115 9 
	  1314.0 5  	      0.059 % 9  	  7.8E-4 12 
	  1317.918 6  	      0.118 % 15  	  0.00156 20 
	  1372.07 13  	      2.47 % 10  	  0.0339 14 
	  1390.7 7  ? 	      0.015 % 10  	  2.1E-4 14 
	  1398.57 10  	      7.01 % 20  	  0.098 3 
	  1410.6 3  	      0.043 % 7  	  6.1E-4 10 
	  1442.56 10  	      1.40 % 5  	  0.0202 7 
	  1450.0 5  	      0.0079 % 20  	  1.1E-4 3 
	  1456.5 2  	      0.049 % 7  	  7.2E-4 10 
	  1476.7 2  	      0.130 % 9  	  0.00192 13 
	  1519.6 2  	      0.079 % 5  	  0.00120 7 
	  1542.3 6  	      0.0158 % 20  	  2.4E-4 3 
	  1592.9 3  	      0.047 % 4  	  7.5E-4 6 
	  1617.9 2  	      0.010 % 5  	  1.6E-4 8 
	  1618.9 3  	      0.007 % 5  	  1.1E-4 8 
	  1636.5 6  	      0.012 % 4  	  1.9E-4 6 
	  1636.5 6  	      0.012 % 4  	  1.9E-4 6 
	  1644.0 6  	      0.013 % 4  	  2.1E-4 6 
	  1661.4 5  	      0.016 % 3  	  2.6E-4 5 
	  1671.3 4  	      0.022 % 4  	  3.6E-4 7 
	  1715.4 4  	      0.055 % 4  	  9.5E-4 7 
	  1727.2 4  	      0.067 % 6  	  0.00116 10 
	  1752.3 7  	      0.025 % 8  	  4.3E-4 14 
	  1757.4 2  	      0.30 % 3  	  0.0052 5 
	  1760.4 6  	      0.059 % 20  	  0.0010 3 
	  1778.5 4  	      0.079 % 8  	  0.00140 14 
	  1786.5 6  	      0.0109 % 20  	  1.9E-4 4 
	  1786.5 6  	      0.0109 % 20  	  1.9E-4 4 
	  1814.0 5  	      0.016 % 4  	  2.9E-4 7 
	  1879.2 5  	      0.014 % 3  	  2.6E-4 6 
	  1913.7 5  	      0.030 % 10  	  5.7E-4 19 
	  1921.08 12  	      1.23 % 6  	  0.0237 11 
	  1985.625 6  	      0.0118 % 20  	  2.4E-4 4 
	  2002.2 5  	      1.14 % 8  	  0.0227 16 
	  2086.82 15  	      0.257 % 20  	  0.0054 4 
	  2172.68 15  	      0.207 % 20  	  0.0045 4 
	  2187.0 6  	      0.007 % 3  	  1.5E-4 6 
	  2223.17 15  	      0.118 % 20  	  0.0026 4 
	  2249.1 3  	      0.0336 % 20  	  7.5E-4 4 
	  2290.6 6  	      0.0036 % 8  	  8.1E-5 18 
	  2390.48 15  	      0.188 % 20  	  0.0045 5 
	  2408.6 4  	      0.0094 % 8  	  2.26E-4 19 
	  2417.1 4  ? 	      0.0014 % 6  	  3.3E-5 14 
	  2444.0 6  	      0.0056 % 8  	  1.37E-4 19 
	  2454.8 4  	      0.0021 % 5  	  5.1E-5 12 
	  2487.8 6  	      7.9E-4 % 20  	  2.0E-5 5 
	  2525.14 15  	      0.039 % 4  	  1.00E-3 10 
	  2546.5 6  	      0.0016 % 5  	  4.0E-5 13 
	  2569.8 4  	      0.0049 % 10  	  1.3E-4 3 
	  2593.8 8  	      0.0012 % 3  	  3.1E-5 8 
	  2653.8 6  	      1.0E-3 % 3  	  2.6E-5 8 
	  2717.5 6  	      0.0035 % 5  	  9.4E-5 13 
