 	     4.11 	      0.289 % 16  	  1.19E-5 7 
 	    29.461 	      0.638 % 22  	  1.88E-4 7 
 	    29.782 	      1.18 % 4  	  3.50E-4 12 
 	    33.562 	      0.110 % 4  	  3.69E-5 13 
 	    33.624 	      0.212 % 7  	  7.14E-5 24 
 	    34.419 	      0.0643 % 22  	  2.21E-5 8 
	   150.39 	      0.030 % 6  	  4.4E-5 9 
	   203.7 ? 	      0.00435 % 	  8.86E-6
	   233.221 15  	      0.294 % 9  	  6.86E-4 20 
	   245.95 8  	      0.035 % 9  	  8.6E-5 21 
	   262.702 6  	      0.359 % 11  	  9.4E-4 3 
	   267.173 19  	      0.117 % 6  	  3.14E-4 17 
	   345.43 5  	      0.104 % 17  	  3.6E-4 6 
	   361.09 5  	      0.11 % 3  	  4.1E-4 13 
	   372.05 15  	      0.010 % 5  	  3.6E-5 19 
	   381.59 7  	      0.045 % 4  	  1.73E-4 17 
	   386.85 5  	      0.059 % 4  	  2.29E-4 17 
	   417.56 	      0.154 % 11  	  6.4E-4 4 
	   422.910 12  	      0.311 % 10  	  0.00132 4 
	   438.87 8  	      0.040 % 4  	  1.76E-4 19 
	   509.8 4  ? 	      0.004 % 4  	  2.2E-5 22 
	   510.530 4  	      1.83 % 5  	  0.0093 3 
	   522.4 ? 	      0.04 % 4  	  2.3E-4 23 
	   529.872 3  	     87.0 % 23  	  0.461 12 
	   537.73 10  	      0.036 % 7  	  1.9E-4 4 
	   554.5 ? 	      4E-4 % 4  	  2.4E-6 24 
	   556.17 8  	      0.020 % 3  	  1.11E-4 15 
	   617.974 14  	      0.544 % 15  	  0.00336 9 
	   648.76 6  	      0.057 % 13  	  3.7E-4 8 
	   670.10 8  	      0.043 % 5  	  2.9E-4 4 
	   678.65 25  	      0.022 % 7  	  1.5E-4 5 
	   680.247 11  	      0.650 % 19  	  0.00442 13 
	   706.578 8  	      1.51 % 4  	  0.0106 3 
	   768.382 15  	      0.460 % 15  	  0.00354 11 
	   789.59 6  	      0.050 % 4  	  4.0E-4 3 
	   820.506 22  	      0.155 % 6  	  0.00127 5 
	   856.278 7  	      1.24 % 4  	  0.0107 4 
	   875.329 5  	      4.51 % 12  	  0.0394 11 
	   909.67 3  	      0.214 % 9  	  0.00195 8 
	   911.49 5  	      0.046 % 6  	  4.2E-4 6 
	  1035.58 25  	      0.0087 % 17  	  9.0E-5 18 
	  1052.296 18  	      0.556 % 16  	  0.00585 17 
	  1060.07 6  	      0.138 % 7  	  0.00147 7 
	  1087.71 10  	      0.0122 % 18  	  1.32E-4 19 
	  1236.441 6  	      1.51 % 4  	  0.0186 5 
	  1298.223 5  	      2.35 % 7  	  0.0305 9 
	  1327.2 ? 	      2.2E-4 % 22  	  3E-6 3 
	  1350.38 3  	      0.150 % 5  	  0.00202 7 
	  1386.15 10  	      0.009 % 3  	  1.2E-4 4 
	  1589.94 25  	      0.0030 % 4  	  4.7E-5 7 
