    45.1 12  	  167 4  	     0.413 % 16  	  1.86E-4 9 
   108.8 14  	  371 4  	     1.25 % 5  	  0.00136 6 
   120.8 14  	  407 4  	     0.400 % 12  	  4.83E-4 16 
   138.7 14  	  459 4  	     3.78 % 9  	  0.00524 14 
   160.4 15  	  521 4  	     3.15 % 9  	  0.00505 15 
   228.4 16  	  705 4  	     0.543 % 21  	  0.00124 5 
   297.4 16  	  882 4  	     4.18 % 13  	  0.0124 4 
   350.5 17  	 1013 4  	     1.83 % 6  	  0.00641 21 
   439.4 17  	 1227 4  	    83.4 % 23  	  0.366 10 
   572.0 17  	 1524 4  	     1.08 % 11  	  0.0062 6 
