40.0 18  ? 	  149 6  	     0.013 % 3  	  5.2E-6 12 
    40.8 18  	  152 6  	     0.142 % 14  	  5.8E-5 6 
    43.4 18  	  161 6  	     0.127 % 14  	  5.5E-5 6 
    48.8 18  	  180 6  	     0.14 % 3  	  6.8E-5 15 
    60.3 19  	  218 6  	     1.03 % 6  	  6.2E-4 4 
    71.6 19  	  255 6  	     0.92 % 4  	  6.6E-4 3 
    76.2 19  	  270 6  	     1.39 % 7  	  0.00106 6 
   109.0 20  	  372 6  	     4.78 % 16  	  0.00521 20 
   116.5 21  	  394 6  	     7.4 % 3  	  0.0086 4 
   144.5 21  	  475 6  	     0.023 % 3  	  3.3E-5 4 
   158.3 22  	  515 6  	     0.07 % 3  	  1.1E-4 5 
   165.3 22  	  534 6  	     1.59 % 7  	  0.00263 12 
   182.3 22  	  581 6  	     1.11 % 5  	  0.00202 9 
   211.0 23  	  659 6  	     8.0 % 3  	  0.0169 7 
   226.5 23  	  700 6  	     0.05 % 4  	  1.1E-4 9 
   239.1 23  	  733 6  	     0.61 % 3  	  0.00146 7 
   279.2 24  	  836 6  	     8.8 % 3  	  0.0246 9 
   324.3 25  	  949 6  	    21.8 % 8  	  0.071 3 
   370.4 25  	 1062 6  	     8.0 % 3  	  0.0296 11 
   415.1 26  	 1169 6  	     7.5 % 3  	  0.0311 13 
   498.8 26  	 1367 6  	    23.6 % 8  	  0.118 4 
   554.5 27  	 1495 6  	     1.30 % 20  	  0.0072 11 
   820.7 27  	 2100 6  	     1.90 % 20  	  0.0156 16 
