 	     4.11 	      0.052 % 3  	  2.12E-6 13 
 	    29.461 	      0.128 % 5  	  3.77E-5 14 
 	    29.782 	      0.236 % 9  	  7.0E-5 3 
 	    33.562 	      0.0221 % 8  	  7.4E-6 3 
 	    33.624 	      0.0426 % 16  	  1.43E-5 5 
 	    34.419 	      0.0129 % 5  	  4.44E-6 17 
	   112.78 	      0.0126 % 13  	  1.42E-5 15 
	   113.15 	      0.0069 % 7  	  7.8E-6 8 
	   162.65 11  	      0.010 % 3  	  1.6E-5 4 
	   165.74 6  	      0.031 % 3  	  5.2E-5 5 
	   184.49 8  	      0.0235 % 24  	  4.3E-5 4 
	   197.19 7  	      0.033 % 3  	  6.5E-5 5 
	   220.502 15  	      1.75 % 6  	  0.00386 14 
	   229.72 3  	      0.241 % 8  	  5.54E-4 18 
	   247.5 3  	      0.029 % 9  	  7.1E-5 21 
	   254.74 13  	      0.023 % 9  	  5.8E-5 22 
	   264.26 9  	      0.184 % 6  	  4.85E-4 17 
	   288.451 16  	      3.10 % 11  	  0.0089 3 
	   290.27 4  	      0.304 % 20  	  8.8E-4 6 
	   304.91 13  	      0.032 % 3  	  9.6E-5 9 
	   305.83 9  	      0.095 % 4  	  2.91E-4 12 
	   326.0 2  	      0.0023 % 17  	  7E-6 6 
	   333.6 2  	      0.037 % 3  	  1.24E-4 10 
	   342.52 12  	      9E-4 % 6  	  2.9E-6 20 
	   361.85 13  	      0.187 % 24  	  6.8E-4 9 
	   403.03 4  	      0.232 % 8  	  9.4E-4 3 
	   414.83 3  	      0.301 % 17  	  0.00125 7 
	   417.633 22  	      3.53 % 11  	  0.0147 5 
	   429.93 3  	      0.304 % 22  	  0.00131 10 
	   433.741 19  	      0.554 % 23  	  0.00240 10 
	   451.63 3  	      0.316 % 17  	  0.00143 8 
	   530.8 4  	      0.032 % 14  	  1.7E-4 8 
	   546.557 16  	      7.15 % 24  	  0.0391 13 
	   575.97 8  	      0.129 % 23  	  7.4E-4 13 
	   588.28 6  	      0.052 % 14  	  3.0E-4 8 
	   616.9 2  	      0.037 % 17  	  2.3E-4 11 
	   649.85 4  	      0.46 % 3  	  0.00297 19 
	   656.09 10  	      0.075 % 15  	  4.9E-4 10 
	   679.22 15  	      0.055 % 14  	  3.7E-4 10 
	   684.6 2  	      0.023 % 9  	  1.6E-4 6 
	   690.13 5  	      0.129 % 15  	  8.9E-4 10 
	   707.92 4  	      0.66 % 4  	  0.0047 3 
	   785.48 5  	      0.152 % 18  	  0.00119 14 
	   795.5 4  	      0.023 % 23  	  1.8E-4 18 
	   797.71 8  	      0.17 % 3  	  0.00137 21 
	   807.2 3  	      0.046 % 17  	  3.7E-4 14 
	   836.804 16  	      6.69 % 23  	  0.0560 19 
	   960.29 	      0.03 % 3  	  3.3E-4 25 
	   961.43 	      0.15 % 3  	  0.0014 3 
	   971.96 	      0.89 % 4  	  0.0086 4 
	   972.62 	      1.21 % 5  	  0.0117 5 
	   995.09 10  	      0.15 % 3  	  0.0015 3 
	  1038.760 21  	      7.9 % 3  	  0.083 3 
	  1096.86 10  	      0.089 % 15  	  9.8E-4 16 
	  1101.58 3  	      1.61 % 6  	  0.0177 6 
	  1124.00 3  	      3.62 % 12  	  0.0406 13 
	  1131.511 18  	     22.6 % 7  	  0.256 8 
	  1151.51 ? 	      0.0014 % 14  	  1.7E-5 17 
	  1159.9 2  	      0.103 % 23  	  0.0012 3 
	  1169.04 4  	      0.88 % 4  	  0.0102 4 
	  1225.6 3  	      0.043 % 17  	  5.3E-4 21 
	  1240.47 3  	      0.90 % 4  	  0.0112 5 
	  1254.8 10  ? 	      0.006 % 3  	  7E-5 4 
	  1254.8 10  ? 	      0.006 % 3  	  7E-5 4 
	  1260.409 17  	     28.7 % 9  	  0.362 12 
	  1315.77 11  	      0.066 % 17  	  8.7E-4 23 
	  1334.8 2  	      0.032 % 9  	  4.2E-4 12 
	  1343.66 9  	      0.077 % 12  	  0.00104 16 
	  1367.89 4  	      0.61 % 3  	  0.0083 4 
	  1441.8 5  	      0.017 % 11  	  2.5E-4 17 
	  1448.35 10  	      0.32 % 3  	  0.0046 4 
	  1457.56 3  	      8.7 % 3  	  0.126 4 
	  1502.79 4  	      1.08 % 4  	  0.0162 6 
	  1521.99 13  	      0.037 % 17  	  6E-4 3 
	  1543.7 2  	      0.026 % 9  	  4.0E-4 13 
	  1566.41 3  	      1.29 % 5  	  0.0202 8 
	  1678.027 21  	      9.6 % 4  	  0.160 6 
	  1706.459 21  	      4.10 % 17  	  0.070 3 
	  1791.196 21  	      7.72 % 24  	  0.138 4 
	  1830.69 4  	      0.58 % 3  	  0.0106 5 
	  1845.3 4  	      0.006 % 3  	  1.1E-4 5 
	  1927.30 3  	      0.296 % 15  	  0.0057 3 
	  1948.49 5  	      0.063 % 6  	  0.00123 12 
	  2045.88 3  	      0.87 % 4  	  0.0178 8 
	  2112.4 5  	      0.069 % 4  	  0.00146 8 
	  2151.5 1  	      0.022 % 3  	  4.8E-4 6 
	  2189.4 2  ? 	      0.013 % 3  	  2.8E-4 6 
	  2255.457 22  	      0.61 % 3  	  0.0139 6 
	  2408.65 3  	      0.96 % 4  	  0.0230 10 
	  2466.07 10  	      0.072 % 4  	  0.00177 9 
	  2477.1 4  ? 	      0.0014 % 3  	  3.6E-5 7 
