 	    11.7 	      0.371 % 16  	  4.34E-5 18 
 	    81.069 	      0.127 % 4  	  1.03E-4 3 
 	    83.787 	      0.209 % 6  	  1.75E-4 5 
 	    94.247 	      0.0253 % 7  	  2.39E-5 7 
 	    94.868 	      0.0483 % 13  	  4.58E-5 13 
 	    97.53 	      0.0181 % 5  	  1.77E-5 5 
	   240.986 6  	      4.10 % 5  	  0.00988 12 
	   292.70 10  	      0.0062 % 7  	  1.81E-5 20 
	   404.2 2  	      0.0022 % 5  	  8.9E-6 20 
	   422.04 10  	      0.0030 % 5  	  1.27E-5 21 
	   645.50 10  	      0.0054 % 9  	  3.5E-5 6 
