  61 3  	  221 6  	     9.5E-4 % 8  	  5.8E-7 6 
    83 3  	  289 6  	     2.5E-4 % 5  	  2.1E-7 4 
    93 3  	  320 6  	     0.00420 % 20  	  3.91E-6 22 
   112 3  	  378 6  	     6.6E-4 % 9  	  7.4E-7 10 
   140 4  	  458 6  	     0.00290 % 20  	  4.1E-6 3 
   150 4  	  486 6  	     0.0102 % 3  	  1.53E-5 6 
   156 4  	  504 6  	     0.00270 % 20  	  4.2E-6 3 
   181 4  	  572 6  	     2.90E-4 % 10  	  5.25E-7 21 
   200 4  	  623 6  	     0.0190 % 8  	  3.80E-5 18 
   206 4  	  639 6  	     0.0080 % 4  	  1.65E-5 9 
   215 4  	  663 6  	     0.0271 % 11  	  5.8E-5 3 
   234 4  	  713 6  	     0.0075 % 3  	  1.76E-5 8 
   237 4  	  720 6  	     0.0087 % 4  	  2.06E-5 10 
   252 4  	  757 6  	     0.00140 % 10  	  3.5E-6 3 
   283 4  	  836 6  	     0.0088 % 4  	  2.49E-5 12 
   315 4  	  917 6  	     0.090 % 4  	  2.84E-4 13 
   367 4  	 1041 6  	     0.0292 % 10  	  1.07E-4 4 
   373 4  	 1056 6  	     0.00110 % 20  	  4.1E-6 7 
   392 4  	 1102 6  	     0.022 % 8  	  9E-5 3 
   448 4  	 1232 6  	     0.0440 % 20  	  1.97E-4 9 
   461 4  	 1263 6  	     0.0480 % 20  	  2.21E-4 9 
   476 4  	 1299 6  	     0.0391 % 23  	  1.86E-4 11 
   582 4  	 1539 6  	     0.460 % 15  	  0.00268 9 
   623 4  	 1632 6  	     0.0027 % 3  	  1.68E-5 19 
   714 4  	 1835 6  	     0.0667 % 22  	  4.76E-4 16 
   779 5  	 1979 6  	     1.77 % 6  	  0.0138 5 
   976 5  	 2407 6  	    10.0 % 4  	  0.098 4 
   979 5  	 2413 6  	     0.64 % 9  	  0.0063 9 
  1267 5  	 3029 6  	     8.1 % 3  	  0.103 4 
  1508 5  	 3541 6  	    78.6 % 7  	  1.185 11 
