 	     2.7 	      4.03 % 13  	  1.09E-4 3 
 	    20.074 	      2.49 % 9  	  5.00E-4 18 
 	    20.216 	      4.73 % 16  	  9.6E-4 3 
 	    22.699 	      0.393 % 13  	  8.9E-5 3 
 	    22.724 	      0.76 % 3  	  1.73E-4 6 
 	    23.172 	      0.182 % 6  	  4.22E-5 15 
	    39.760 10  	      0.0692 % 11  	  2.75E-5 5 
	    42.63 4  	      0.0052 % 5  	  2.21E-6 23 
	    53.286 10  	      0.443 % 11  	  2.36E-4 6 
	    62.41 3  	      4.4E-4 % 4  	  2.73E-7 23 
	   113.191 36  	      0.0032 % 3  	  3.6E-6 3 
	   114.870 13  	      0.0074 % 5  	  8.5E-6 5 
	   241.875 10  	      0.0143 % 3  	  3.46E-5 7 
	   292.7 2  	      9E-4 % 9  	  3E-6 3 
	   294.964 10  	      0.288 % 4  	  8.51E-4 10 
	   317.72 5  	      0.005 % 5  	  1.4E-5 14 
	   357.382 23  	      0.0086 % 4  	  3.09E-5 13 
	   443.810 10  	      0.339 % 4  	  0.001506 20 
	   497.085 10  	     91.0 % 12  	  0.452 6 
	   514.365 12  	      0.00619 % 10  	  3.18E-5 5 
	   557.057 10  	      0.841 % 10  	  0.00468 6 
	   567.693 29  	      0.00209 % 9  	  1.19E-5 5 
	   610.333 10  	      5.76 % 6  	  0.0352 4 
	   612.094 60  	      0.105 % 6  	  6.4E-4 3 
	   651.69 15  	      2.2E-4 % 3  	  1.42E-6 18
