 	    12.3 	      8.4 % 4  	  0.00104 6 
	    74.4 1  	      3.9E-4 % 14  	  2.9E-7 11 
	    84.373 3  	      1.19 % 4  	  0.00100 3 
 	    85.431 	      0.0178 % 5  	  1.52E-5 5 
 	    88.471 	      0.0290 % 8  	  2.57E-5 7 
 	    99.432 	      0.00355 % 10  	  3.53E-6 10 
 	   100.13 	      0.00679 % 19  	  6.80E-6 19 
 	   102.498 	      0.00256 % 7  	  2.63E-6 8 
	   131.613 4  	      0.127 % 4  	  1.67E-4 5 
	   142.0 5  	      1.3E-6 % 5  	  1.9E-9 7 
	   166.410 4  	      0.101 % 3  	  1.68E-4 5 
	   182.2 2  	      5.1E-6 % 18  	  9E-9 3 
	   205.93 5  	      0.0191 % 8  	  3.94E-5 17 
	   215.983 5  	      0.247 % 8  	  5.33E-4 17 
	   228.5 2  	      1.8E-5 % 4  	  4.1E-8 8 
	   700.5 5  	      3.0E-6 % 3  	  2.08E-8 22 
	   742.2 5  	      1.4E-6 % 5  	  1.1E-8 4 
	   832.0 2  	      1.43E-5 % 24  	  1.19E-7 20 
	   908.10 10  	      1.66E-6 % 17  	  1.51E-8 16 
	   992.9 10  	      1.43E-6 % 15  	  1.42E-8 15
